101
106
113
66
157
97
364
135
8
1
140
69
301
336
2
224
69
82
108
203
100
243
323
124
103
314
143
620
219
140
450
2859
3004
70
155
130
62
68
225
133
135
253
19
146
186
180
390
180
96
152
143
69
210
150
110
548
39
99
127
128
73
226
230
98
73
120
335
136
463
155
98
82
105
188
135
73
127
183
249
71
211
70
188
63
121
125
189
488
142
128
3361
193
362
124
145
123
1687
29
35
216
3368
268
259
312
241
129
244
175
307
194
20589
869
522
70
131
308
153
98
208
61
160
90
227
185
269
167
184
68
208
77
254
90
157
140
141
150
315
332
322
135
94
143
80
246
154
853
93
99
257
262
137
194
61
129
122
272
198
172
131
136
75
278
206
189
155
3383
148
63
187
191
156
64
136
189
62
137
124
308
202
120
3230
144
265
73
171
225
257
3361
126
220
64
1220
129
120
65
141
138
81
70
133
188
61
181
190
65
155
141
121
185
363
261
83
127
189
67
96
66
73
121
219
121
129
108
800
63
139
334
309
62
139
197
249
131
206
200
254
260
225
246
11293
374
133
121
133
3522
277
130
191
191
84
174
125
180
143
206
118
91
65
244
160
36
156
62
196
241
66
84
82
100
86
330
147
444
71
158
922
3255
146
210
308
266
192
217
187
795
580
156
148
122
80
183
129
91
277
73
133
69
201
69
141
126
289
73
342
244
311
193
239
193
83
267
324
145
169
66
146
289
68
190
431
203
163
337
3429
219
77
191
70
130
88
128
292
65
67
171
189
125
3592
129
122
75
208
286
157
969
182
242
247
197
314
139
207
123
17
134
203
81
236
96
81
32
199
113
78
347
134
139
3508
197
146
129
72
124
132
90
69
3272
250
2453
198
70
205
187
133
143
3326
326
1287
272
65
191
270
145
449
82
443
3489
79
152
92
159
128
186
240
180
75
245
182
154
210
197
76
219
249
634
146
371
313
2209
100
369
188
188
441
209
265
130
353
276
190
77
137
243
147
324
209
92
42
102
352
242
264
134
193
83
68
93
197
203
191
68
36
194
112
134
181
141
136
64
99
182
222
67
172
3514
124
95
184
123
215
146
213
151
157
153
760
65
10
97
142
218
218
203
194
66
101
3328
214
7
7
127
7
95
138
71
70
61
124
204
191
256
21
21
21
21
21
21
21
21
21
21
21
21
21
21
21
21
21
141
21
21
21
21
21
21
21
21
21
21
21
21
21
21
65
98
89
71
98
158
130
240
264
128
1754
162
182
169
445
5
3136
138
245
170
284
141
74
72
1892
331
63
62
122
2
10
730
73
73
152
152
301
301
1807
1807
323
323
484
484
159
274
82
3416
86
16
76
185
72
99
95
81
300
245
80
187
154
125
76
148
29
70
64
82
200
183
144
122
